-101522.440183
-101554.786269
-101476.038033
-101787.961253
-101733.818511
-101645.542653
-101811.053956
-101623.202635
-101472.793056
-101616.470265
-101521.021381
-101636.049678
-101586.137854
-101728.329929
-101568.655392
-101719.84675
-101813.897257
-101712.120576
-101674.315312
-101654.231195
-101548.760539
-101589.788042
-101470.012892
-101758.548101
-101629.113155
-101521.122546
-101552.146054
-101594.271583
-101658.0373
-101537.947895
-101624.143246
-101631.609245
-101863.671794
-101700.692301
-101489.793081
-101802.858547
-101714.932295
-101518.548554
-101608.921243
-101670.128964
-101745.51193
-101599.419424
-101752.454015
-101845.021868
-101655.427484
-101738.975173
-101640.960103
-101542.416245
-102013.738002
-101499.688682
-101495.018933
-101499.649139
-101681.671287
-101546.59643
-101681.094358
-101510.548846
-101528.975726
-101655.166658
-101489.019383
-101652.98922
-101637.100964
-101705.539466
-101713.597869
-101828.329639
-101665.795226
-101818.521879
-101562.009868
-101517.38514
-101814.923509
-101552.204305
-101416.10249
-101815.638448
-101734.742879
-101610.421622
-101828.386611
-101536.978032
-101668.452426
-101560.799871
-101766.945391
-101666.688881
-101644.306281
-101750.495766
-101688.91099
-101690.489756
-101628.334689
-101854.508617
-101702.050213
-101524.128814
-101723.643187
-101716.325337
-101590.014183
-101596.681016
-101853.678588
-101487.805795
-101641.72989
-101755.562328
-101755.66942
-101580.616782
-101662.677366
-101617.417156
-101500.775269
-101590.292241
-101518.500545
-101551.328216
-101845.877515
-101753.687758
-101643.708763
-101641.906039
-101575.074154
-101520.70047
-101695.218411
-101647.782119
-101749.485838
-101581.565489
-101694.834867
-101566.524212
-101594.472471
-101448.994583
-101396.148355
-101692.25309
-101665.571037
-102025.191061
-101404.639193
-101494.999167
-101682.775187
-101580.966043
-101526.531259
-101676.087919
-101706.586417
-101680.53785
-101559.722597
-101651.251851
-101591.65298
-101618.031704
-101602.11071
-101592.112612
-101574.58106
-101817.57172
-101614.279956
-101663.090538
-101571.187976
-101944.631607
-101711.2914
-101703.708726
-101546.562673
-101717.494065
-101731.434927
-101679.470763
-101585.891902
-101602.944577
-101595.369975
-101619.370863
-101999.569217
-101578.623405
-101615.079689
-101509.226339
-101594.167
-101668.080331
-101701.488262
-101547.607107
-101671.530766
-101563.059049
-101554.200625
-101509.711367
-101708.037776
-101649.355832
-101799.240885
-101592.927743
-101527.247757
-101900.248261
-101798.102904
-101614.366266
-101649.019134
-101643.686296
-101495.736427
-101578.4908
-101596.378318
-101701.954143
-101401.950358
-101695.285592
-101724.969837
-101454.781608
-101455.308105
-101733.282873
-101885.565503
-101572.147339
-101455.544929
-101539.474064
-101583.425071
-101632.044932
-101559.906555
-101607.009193
-101629.32898
-101568.204157
-101563.249288
-101644.885018
-101529.203419
-101698.216859
-101532.549725
-101472.436692
-101620.278605
-101665.418596
-101440.664623
-101407.872073
-101760.489941
-101470.276917
-101745.813455
-101717.37171
-101696.327421
-101868.299526
-101556.148986
-101703.65998
-101597.428412
-101648.43929
-101676.964386
-101535.746197
-101852.18245
-101700.46801
-101559.638365
-101808.322562
-102112.254338
-101793.077907
-101812.547053
-101783.459515
-101557.807663
-101618.463375
-101687.75953
-102625.366862
-101741.796398
-101570.555827
-101467.14341
-101597.604166
-101527.122726
-101494.154609
-101604.124258
-101633.781067
-101711.444777
-101528.61489
-101706.538314
-101582.865245
-101620.595467
-101546.735414
-101657.504149
-101660.957986
-101978.230729
-101892.916354
-101740.697056
-101879.011756
-101520.241068
-101593.045129
-102762.974759
-101675.546733
-102004.437678
-101586.253182
-101604.216869
-101754.644848
-101679.432117
-101606.544959
-101618.280245
-102530.005022
-101587.183365
-101550.612328
-101631.421279
-101694.259255
-101456.453275
-101530.658437
-101673.322758
-101676.580841
-101675.923572
-101600.18343
-101632.349051
-101513.484376
-101797.910225
-101520.245937
-101630.771935
-101490.330271
-101637.280027
-101579.24452
-101547.068138
-101898.945257
-101517.446951
-101445.298702
-101526.736183
-101640.055453
-101740.508546
-101439.149309
-101515.097365
-101582.656673
-101680.787577
-101752.364384
-101622.310596
-101531.83545
-101596.769038
-101493.653957
-101743.420391
-101848.969807
-101512.717988
-102106.265989
-101895.667511
-101685.585117
-101782.557604
-101549.105563
-101706.700574
-101621.548136
-101681.142719
-101640.054088
-101533.818461
-101697.007677
-101573.186968
-101478.011398
-101669.249717
-101503.055722
-101572.957316
-101549.962559
-101578.721283
-101700.222188
-101617.462119
-101628.048364
-101689.137362
-101714.077353
-101647.676839
-101736.215036
-101528.845998
-101609.162435
-101612.655663
-101490.452564
-101707.756401
-101633.782225
-101832.201638
-101542.516282
-101932.584384
-101680.978955
-101460.773412
-101711.582365
-101708.417728
-101592.101648
-101590.94709
-101716.538414
-101469.133434
-101596.206574
-102043.623682
-101731.286346
-101796.312441
-101785.381061
-101502.925183
-101734.290009
-101636.427166
-101656.004998
-101665.444387
-101512.012394
-101552.38455
-101920.197456
-101789.389195
-102134.787031
-101536.999717
-101644.21036
-101703.069575
-101580.008259
-101537.444352
-101842.61878
-101762.417276
-101642.504503
-101669.298274
-101778.687501
-101639.617858
-55753.9581054
-101830.825618
-101560.276763
-101607.240397
-101544.488962
-101791.913259
-101653.932097
-101683.924508
-101593.839002
-101867.838335
-101582.492946
-101577.502959
-101416.163002
-102190.833341
-101655.12176
-101590.822583
-101668.74437
-101665.322633
-101715.724981
-101496.558346
-101735.084752
-101736.160819
-102588.909274
-101602.517264
-101874.374485
-101694.79583
-101621.390234
-101498.909605
-101579.533813
-101590.091973
-101525.697517
-101730.684642
-101639.760023
-101701.371211
-101623.436944
-101826.527851
-101683.35362
-101632.414617
-101541.531948
-101483.781103
-101747.494149
-101789.871897
-101651.955732
-101708.113157
-101594.346541
-101477.068063
-101706.466689
-101649.753565
-101601.888142
-101572.775782
-101701.102358
-101732.940849
-101549.263248
-101793.617405
-101511.649135
