-369.935335558
-392.400876628
-191.472468465
-426.775859696
-504.418987271
-628.44902242
-396.383549392
-1626.48375941
-936.407211847
-111.138264246
-200.194670883
-509.597148722
-5091.39706487
-330.291527601
-258.177707133
-633.946792131
-1348.77024832
-5463.8707952
-420.181243671
-1782.63042025
-357.410755092
-287.379089013
-161.974222761
-558.135982143
-434.093926408
-778.098984091
-167.689313836
-347.75301915
-169.127924686
-151.501372829
-236.681816446
-326.224168344
-329.41242683
-1332.61119313
-274.407964255
-86.7403297538
-5651.21513862
-304.521019857
-216.235515822
-5370.76147622
-6093.50191813
-170.312231762
-213.406190678
-93.5999469627
-777.636379825
-160.005565632
-279.247400338
-258.638601509
-195.626889863
-499.865583351
-232.223220789
-363.295393087
-282.266972626
-525.112616487
-85.4518099737
-5122.39870211
-213.279087473
-1084.05246422
-3006.33733314
-195.659497981
-257.914316981
-63.6151473004
-326.584832693
-182.087046157
-136.46275476
-296.528017808
-4587.52681145
-180.907654002
-446.528070412
-250.640559389
-5326.89292278
-5571.49762491
-72.7256727259
-406.39759133
-157.560506876
-210.957110919
-448.499547247
-639.318762213
-160.588179595
-577.351485421
-197.16484188
-417.390879737
-259.493078671
-5596.17681813
-232.922060646
-3989.96445649
-4909.06855276
-122.340871826
-586.25215748
-2211.08084445
-1323.98755139
-199.06008652
-176.26456556
-160.470287287
-308.301196084
-399.927229155
-127.915451166
-580.53991826
-660.705509866
-174.541413407
-4428.346294
-5923.93637032
-705.28960848
-1314.08301198
-107.929029439
-5283.74543977
-304.385584799
-623.03092155
-134.683870534
-269.331719232
-660.655485281
-449.176828762
-285.179965147
-672.624495196
-1534.69390543
-5099.1167957
-225.486029419
-1235.97700431
-382.150038005
-4419.70903997
-357.337231386
-4066.76336674
-4814.29932496
-184.610890018
-5267.79641339
-590.563943649
-654.933260893
-363.064891996
-214.223538109
-5003.99625268
-5277.14953935
-295.95351228
-354.842163847
-245.961333668
-353.130475289
-1079.14357527
-858.135953181
-368.581992892
-335.006729011
-558.49915263
-3754.18741903
-275.787188837
-1147.7940505
-543.264383428
-470.438409792
-288.284732057
-789.141854051
-6116.86384709
-520.752915019
-529.835356061
-160.181667258
-1075.31697783
-474.640106587
-280.7164274
-5117.95210719
-6092.55263958
-234.893299073
-5775.30315279
-5364.45692131
-204.412698079
-293.98305626
-242.527433119
-314.483821652
-5276.34911651
-4977.16038017
-4.51403801068
-222.210863691
-5079.75824823
-291.13575239
-159.50672321
-233.639882769
-419.248050421
-323.088223211
-429.121083276
-416.316511381
-1444.81166292
-127.193383657
-144.285213907
-398.796436054
-763.615343917
-477.882375439
-3200.49340413
-116.389695859
-266.593586395
-1429.39061972
-133.050547804
-308.912288047
-1921.70767397
-212.969704426
-226.895638322
-172.750846208
-715.892654687
-175.09097516
-5080.73661767
-1043.59297185
-409.144085614
-4574.68267238
-171.822153789
-224.947868848
-834.162288397
-175.006884062
-178.258874551
-5282.35978146
-327.505175209
-5448.48045738
-222.099138066
-5299.88452828
-391.880638966
-5622.13400927
-729.486299562
-5368.29029317
-125.976995935
-164.302787383
-5161.31780216
-271.082398089
-4911.86271553
-190.097288466
-5054.82958642
-419.516096637
-874.056352102
-490.6476866
-133.245908828
-320.22044108
-2570.48556308
-352.412495221
-445.880298026
-1046.49843297
-159.234593559
-175.827275487
-270.114447461
-5346.84536576
-212.252768531
-1587.92882854
-145.398967605
-124.899714957
-4904.54216487
-165.030847767
-133.970996491
-314.947348591
-887.272524352
-5502.73884798
-323.714829548
-5910.66790834
-285.526162762
-223.65793115
-417.853724506
-145.635940104
-959.938784626
-5237.15135714
-1126.55731814
-700.643332707
-463.664385134
-421.168362201
-144.650357386
-1637.9522233
-427.91228087
-164.347037661
-5869.81392725
-260.339944065
-313.297831742
-173.587966695
-437.6709834
-563.851224126
-614.340561077
-250.784617368
-121.249390679
-159.399898042
-1127.49921755
-4801.02228242
-924.275816696
-142.925387279
-444.421869412
-225.973355057
-296.437335242
-142.002561714
-537.636101333
-455.451885304
-857.036539942
-516.392152861
-4928.69577746
-90.8286360413
-211.453434516
-223.814182236
-594.259602578
-388.79855768
-4512.68385747
-313.932249016
-208.210763582
-144.700920937
-280.952605824
-1291.54087122
-4975.62605712
-299.028036004
-315.976466433
-295.646907267
-436.795848978
-5604.91970771
-5200.63247908
-5775.51929281
-5370.632344
-348.212506304
-1232.44802794
-4645.68834738
-464.592166468
-228.615344744
-159.694061094
-677.400386864
-129.740750921
-5574.1216743
-1191.99504409
-374.208076198
-5221.4006509
-667.164992698
-177.202282365
-6282.0419734
-5969.72226044
-5984.66304544
-4160.98960694
-417.06045003
-198.068140946
-314.974447368
-387.775753879
-154.557924806
-5804.96541426
-129.246638618
-275.939361138
-4999.98096602
-138.727266298
-5235.37365761
-233.833026743
-583.043604827
-1203.91913514
-366.452592821
-5113.13515995
-143.514985934
-359.892560728
-968.465828812
-518.671238762
-5365.72346267
-397.096580722
-630.372040556
-210.742667114
-5679.53230967
-356.794456455
-307.709564344
-319.373016838
-157.917042048
-232.389990205
-287.622341162
-275.5741697
-5312.4494303
-591.597090851
-125.137595177
-194.939772722
-184.85168266
-217.892643078
-5261.15647295
-346.542250844
-562.219289935
-418.462977228
-5438.66133477
-358.718001763
-124.01534145
-446.306299877
-116.367659832
-501.569212403
-236.305470037
-5409.94015759
-576.379124977
-380.758852736
-131.17933006
-128.106297059
-355.595664196
-7300.92921172
-6061.85935344
-5691.94913741
-172.858451903
-445.982893588
-159.203523301
-339.524821067
-455.151747299
-150.890267253
-344.69081133
-4585.18707792
-296.847178595
-390.880994846
-387.651502164
-292.614756295
-162.705398386
-282.691432474
-538.215152346
-4450.8622886
-607.130907428
-4924.57375529
-244.497915154
-757.801274867
-147.157309943
-523.432533044
-139.136891308
-258.174331526
-221.399753392
-157.715865131
-849.638635437
-673.576475081
-142.874281755
-427.062199361
-5121.4175378
-622.961949823
-5822.59830148
-3755.559023
-140.96323095
-343.050673091
-295.904786015
-5038.94957158
-5500.67489197
-241.519142011
-394.153448256
-213.228737521
-225.018046731
-303.271296883
-980.61605688
-309.551883146
-3592.78749773
-410.123269229
-5465.97836067
-306.952301294
-5767.36993084
-630.28962218
-323.049649766
-314.928384773
-397.627462618
-829.334753014
-167.209003227
-160.534537628
-4898.72583249
-451.230078123
-1318.4256905
-5149.74071666
-168.295460114
-115.582269107
-482.734275654
-3656.29223207
-379.141855268
-4427.04426773
-326.938913721
-2541.93173591
-820.439273438
-241.634067181
-929.378527982
-151.213927314
-4984.3252351
-271.004263618
-303.693834069
-5641.84783811
-349.350281898
-227.46459808
-4595.54305162
-359.544751164
-279.417768348
-5805.76233147
-209.521337678
-477.17828404
-5053.61920635
-4899.73611827
-220.581659918
-835.084339064
-267.396810303
-403.782438243
-193.704183837
-370.574557547
-1211.97435096
-166.240292099
-163.55288221
-148.476041362
-274.118002642
-225.304219728
-169.595178049
-418.474913921
-317.176703959
-898.370160885
-4649.12765395
-272.921146065
-466.39835036
-622.751446413
-134.550462141
-136.848994369
-5174.17915993
-371.121816719
-315.77855189
-674.171328504
-166.914663208
-263.335458964
-5552.11202774
-256.288346375
-409.286428141
-5258.02474578
-323.550096919
-586.712071241
-270.012300242
-1962.61222345
-5475.42960454
-5964.58499949
-5077.93319591
-188.607785704
-215.006497387
-373.410316233
-5102.79498796
-464.765731015
-565.733608272
-505.372058152
-4908.43879223
-156.93975209
-564.529107017
-4847.4638599
-480.713008812
-1091.93655581
-432.543964329
-345.933434551
-546.218450855
-521.857917437
-194.85404361
-185.300573755
-317.10412696
-4844.45082053
-193.930723714
-699.663350792
-221.143403988
-124.291064478
-143.372388116
-2426.26243307
-140.673789799
-392.625128971
-139.147511808
-197.586724957
-258.337599757
-1438.00469142
-4337.31731392
-321.160575776
-256.857917496
-297.886572437
-524.169714844
-96.748809006
-1036.62490773
-435.562294173
-656.169999827
-1254.18862679
-314.440659394
-785.315638974
-545.268918115
-160.456994142
-415.407324247
-543.156123185
-213.601462382
-176.61949597
-266.147738691
-875.168728175
-410.488493818
-160.074883555
-323.708408214
-102.504636673
-6027.11761522
-265.217433091
-182.490053899
-764.115904797
-6818.47606063
-169.697535661
-5822.17189662
-5574.71862181
-148.610001513
-5344.1390376
-381.157557754
-5692.68514571
-5648.57809214
-4999.69269161
-171.548722951
-5112.30918367
-319.952590264
-5635.87826464
-206.590149529
-740.98209587
-5272.43831843
-447.805775272
-736.611487824
-181.031862032
-5776.11047481
-1698.63892935
-5358.83224743
-216.303890961
-443.090470249
-141.791236594
-146.191213829
-1805.08413979
-4796.59173096
-800.685010379
-810.187926373
-1439.58394831
-854.551157528
-2604.24357318
-870.61701026
-305.196100104
-5585.48465901
-5402.99143151
-373.976647981
-4708.67044492
-225.370347021
-316.191528208
-164.106646583
-290.481382273
-283.888115656
-3150.57161865
-236.144835442
-4649.30671027
-173.43472264
-4906.3966291
-779.715499034
-208.699386719
-521.674037319
-5430.63960171
-1048.37152751
-499.656859297
-366.905823467
-359.939348166
-5794.31743855
-170.528266341
-279.859074302
-361.187907742
-248.086855112
-171.118129824
-5309.27274926
-204.193608458
-358.412761716
-667.497644434
-861.273736558
-5336.05363226
-511.507501396
-4837.11726721
-799.63446223
-188.332330425
-376.421110672
-1161.79847373
-117.194142944
-439.985169392
-358.828434014
-5572.99547335
-5047.24289214
-173.264545254
-524.051762528
-120.818418277
-444.28730695
-682.75964272
-164.73423067
-212.91125476
-4966.77949158
-6690.5647408
-339.407901772
-5221.9356842
-426.95817909
-1046.69888291
-1439.49282181
-144.854808748
-251.738982696
-517.075598183
-123.499397238
-860.683324551
-141.007873898
-324.881680184
-304.629544622
-52.1683276775
-411.804871905
-5062.81879305
-149.470268322
-105.577019822
